0 0.16101694915254236 0.10383386581469649 0.22033898305084745 0.16932907348242812
0 0.3877118644067797 0.11182108626198083 0.24152542372881355 0.17891373801916932
0 0.5953389830508474 0.12619808306709265 0.17372881355932204 0.18849840255591055
0 0.826271186440678 0.11501597444089456 0.2033898305084746 0.19169329073482427
0 0.8347457627118644 0.31150159744408945 0.1864406779661017 0.1501597444089457
0 0.597457627118644 0.3035143769968051 0.2033898305084746 0.14057507987220447
0 0.3940677966101695 0.2955271565495208 0.2033898305084746 0.14376996805111822
0 0.1652542372881356 0.29233226837060705 0.23728813559322035 0.14376996805111822
0 0.1652542372881356 0.48562300319488816 0.1864406779661017 0.16613418530351437
0 0.3813559322033898 0.48722044728434505 0.1864406779661017 0.19488817891373802
0 0.6101694915254238 0.4680511182108626 0.1864406779661017 0.19488817891373802
0 0.8326271186440678 0.48242811501597443 0.2330508474576271 0.15335463258785942
0 0.8220338983050848 0.646964856230032 0.1864406779661017 0.13099041533546327
0 0.815677966101695 0.8386581469648562 0.24152542372881355 0.1757188498402556
0 0.5995762711864406 0.829073482428115 0.18220338983050846 0.16293929712460065
0 0.5995762711864406 0.6501597444089456 0.2245762711864407 0.1182108626198083
0 0.413135593220339 0.6597444089456869 0.21610169491525424 0.1501597444089457
0 0.3983050847457627 0.8386581469648562 0.16101694915254236 0.13099041533546327
0 0.1843220338983051 0.6661341853035144 0.2330508474576271 0.16293929712460065
0 0.17372881355932204 0.8115015974440895 0.2033898305084746 0.17252396166134185