1 0.8881278538812786 0.23170731707317074 0.1415525114155251 0.28780487804878047
1 0.723744292237443 0.23170731707317074 0.1415525114155251 0.28780487804878047
1 0.8082191780821918 0.48048780487804876 0.1415525114155251 0.28780487804878047
1 0.8812785388127854 0.7634146341463415 0.1415525114155251 0.28780487804878047
1 0.7328767123287672 0.7634146341463415 0.1415525114155251 0.28780487804878047
1 0.5799086757990868 0.7780487804878049 0.1415525114155251 0.28780487804878047
1 0.5182648401826484 0.5146341463414634 0.1415525114155251 0.28780487804878047
1 0.589041095890411 0.24146341463414633 0.1415525114155251 0.28780487804878047
1 0.4406392694063927 0.7878048780487805 0.1415525114155251 0.28780487804878047
0 0.1267123287671233 0.23414634146341465 0.13013698630136986 0.2731707317073171
0 0.2865296803652968 0.23414634146341465 0.13013698630136986 0.2731707317073171
0 0.20662100456621005 0.4878048780487805 0.13013698630136986 0.2731707317073171
0 0.2751141552511416 0.7707317073170732 0.13013698630136986 0.2731707317073171
0 0.12214611872146118 0.7658536585365854 0.13013698630136986 0.2731707317073171