0 0.8472222222222222 0.17768595041322313 0.1388888888888889 0.2975206611570248
0 0.8525641025641025 0.4896694214876033 0.1452991452991453 0.34297520661157027
0 0.8472222222222222 0.8037190082644629 0.14316239316239315 0.2768595041322314
0 0.6784188034188035 0.18181818181818182 0.1388888888888889 0.2892561983471074
0 0.6773504273504274 0.5103305785123967 0.1282051282051282 0.30165289256198347
0 0.6784188034188035 0.8037190082644629 0.12179487179487179 0.29338842975206614
0 0.5074786324786325 0.1921487603305785 0.18162393162393162 0.28512396694214875
0 0.5085470085470085 0.47520661157024796 0.18803418803418803 0.30578512396694213
0 0.5160256410256411 0.7892561983471075 0.1858974358974359 0.2975206611570248
0 0.32585470085470086 0.15289256198347106 0.14743589743589744 0.2809917355371901
0 0.3301282051282051 0.5082644628099173 0.13034188034188035 0.2809917355371901
0 0.32905982905982906 0.8057851239669421 0.13675213675213677 0.2975206611570248
0 0.1794871794871795 0.18388429752066116 0.13675213675213677 0.24380165289256198
0 0.1655982905982906 0.4834710743801653 0.1346153846153846 0.2644628099173554
0 0.18055555555555555 0.7789256198347108 0.15598290598290598 0.3181818181818182