1 0.2075 0.1388101983002833 0.255 0.14730878186968838
1 0.4625 0.2237960339943343 0.255 0.14730878186968838
1 0.7175 0.1359773371104816 0.255 0.14730878186968838
1 0.7275 0.32577903682719545 0.255 0.14730878186968838
1 0.7275 0.5042492917847026 0.255 0.14730878186968838
1 0.7325 0.660056657223796 0.255 0.14730878186968838
1 0.7275 0.8470254957507082 0.255 0.14730878186968838
1 0.4575 0.7507082152974505 0.255 0.14730878186968838
1 0.4725 0.5864022662889519 0.255 0.14730878186968838
1 0.4575 0.40793201133144474 0.255 0.14730878186968838
1 0.2125 0.3002832861189802 0.255 0.14730878186968838
1 0.2025 0.5042492917847026 0.255 0.14730878186968838
1 0.2525 0.6798866855524079 0.255 0.14730878186968838
1 0.2325 0.8356940509915014 0.255 0.14730878186968838