1 0.6401098901098901 0.7043010752688172 0.34615384615384615 0.16129032258064516
1 0.6428571428571429 0.8655913978494624 0.34065934065934067 0.12544802867383512
1 0.6428571428571429 0.12724014336917563 0.34065934065934067 0.14695340501792115
1 0.29945054945054944 0.12724014336917563 0.34615384615384615 0.13978494623655913
0 0.28846153846153844 0.27956989247311825 0.33516483516483514 0.14336917562724014
0 0.29945054945054944 0.43010752688172044 0.4010989010989011 0.17921146953405018
0 0.2967032967032967 0.578853046594982 0.38461538461538464 0.11827956989247312
0 0.30494505494505497 0.7186379928315412 0.33516483516483514 0.15412186379928317
0 0.6346153846153846 0.27419354838709675 0.33516483516483514 0.1111111111111111
0 0.6538461538461539 0.4121863799283154 0.3516483516483517 0.15770609318996415
0 0.6428571428571429 0.5609318996415771 0.2857142857142857 0.14695340501792115