1 0.7245989304812834 0.7206572769953051 0.17647058823529413 0.15492957746478872
1 0.6871657754010695 0.5516431924882629 0.17647058823529413 0.15492957746478872
1 0.6229946524064172 0.3873239436619718 0.17647058823529413 0.15492957746478872
1 0.553475935828877 0.2511737089201878 0.17647058823529413 0.15492957746478872
1 0.5641711229946524 0.7723004694835681 0.17647058823529413 0.15492957746478872
1 0.5 0.607981220657277 0.17647058823529413 0.15492957746478872
1 0.4358288770053476 0.44835680751173707 0.17647058823529413 0.15492957746478872
1 0.12566844919786097 0.20422535211267606 0.17647058823529413 0.15492957746478872
1 0.18449197860962566 0.3732394366197183 0.17647058823529413 0.15492957746478872
1 0.2540106951871658 0.5375586854460094 0.17647058823529413 0.15492957746478872
1 0.32887700534759357 0.6784037558685446 0.17647058823529413 0.15492957746478872
1 0.393048128342246 0.8427230046948356 0.17647058823529413 0.15492957746478872
1 0.3663101604278075 0.3075117370892019 0.17647058823529413 0.15492957746478872
1 0.31283422459893045 0.12910798122065728 0.17647058823529413 0.15492957746478872
1 0.4946524064171123 0.08685446009389672 0.17647058823529413 0.15492957746478872