0 0.6769911504424779 0.12306201550387597 0.31563421828908556 0.1065891472868217
0 0.6607669616519174 0.27228682170542634 0.26548672566371684 0.1182170542635659
0 0.6696165191740413 0.43507751937984496 0.2831858407079646 0.07945736434108527
0 0.6755162241887905 0.5736434108527132 0.3008849557522124 0.10852713178294573
0 0.20353982300884957 0.12015503875968993 0.25958702064896755 0.1124031007751938
0 0.24041297935103245 0.2742248062015504 0.3274336283185841 0.14147286821705427
0 0.20353982300884957 0.42151162790697677 0.3008849557522124 0.1375968992248062
1 0.19911504424778761 0.5891472868217055 0.30973451327433627 0.10465116279069768
1 0.6740412979351033 0.7306201550387597 0.30973451327433627 0.1511627906976744
1 0.6489675516224189 0.8837209302325582 0.3185840707964602 0.15891472868217055
1 0.2079646017699115 0.7248062015503876 0.30383480825958703 0.12403100775193798
1 0.22271386430678466 0.8992248062015504 0.30383480825958703 0.12403100775193798