0 0.20426287744227353 0.590818363273453 0.2024866785079929 0.1157684630738523
0 0.30905861456483125 0.6946107784431138 0.1705150976909414 0.1317365269461078
0 0.38010657193605685 0.8183632734530938 0.14209591474245115 0.1157684630738523
1 0.31349911190053287 0.5069860279441117 0.15097690941385436 0.12375249500998003
1 0.37921847246891655 0.6007984031936128 0.18294849023090587 0.13572854291417166
1 0.46536412078152756 0.718562874251497 0.1705150976909414 0.13572854291417166
1 0.40852575488454707 0.42614770459081835 0.1989342806394316 0.16167664670658682
1 0.4733570159857904 0.5159680638722555 0.17939609236234458 0.13373253493013973
1 0.5532859680284192 0.6167664670658682 0.16518650088809947 0.12375249500998003
1 0.49733570159857904 0.3083832335329341 0.1492007104795737 0.12974051896207583
1 0.5790408525754884 0.4161676646706587 0.15985790408525755 0.1217564870259481
1 0.6598579040852576 0.5379241516966068 0.18650088809946713 0.08982035928143713
1 0.5896980461811723 0.2085828343313373 0.2024866785079929 0.1377245508982036
1 0.6669626998223801 0.31736526946107785 0.22202486678507993 0.1437125748502994
1 0.7424511545293073 0.4351297405189621 0.1882770870337478 0.1317365269461078