1 0.9128787878787878 0.19293478260869565 0.17424242424242425 0.3423913043478261
1 0.8421717171717171 0.5190217391304348 0.17424242424242425 0.3423913043478261
1 0.9128787878787878 0.8125 0.17424242424242425 0.3423913043478261
1 0.7487373737373737 0.7961956521739131 0.17424242424242425 0.3423913043478261
1 0.7386363636363636 0.20380434782608695 0.17424242424242425 0.3423913043478261
1 0.5845959595959596 0.1766304347826087 0.17424242424242425 0.3423913043478261
1 0.5896464646464646 0.8260869565217391 0.17424242424242425 0.34782608695652173
1 0.5138888888888888 0.5 0.17424242424242425 0.34782608695652173
1 0.4154040404040404 0.8206521739130435 0.17424242424242425 0.34782608695652173
0 0.4090909090909091 0.23641304347826086 0.14646464646464646 0.266304347826087
0 0.2398989898989899 0.23097826086956522 0.14646464646464646 0.266304347826087
0 0.16666666666666666 0.5027173913043478 0.14646464646464646 0.266304347826087
0 0.24494949494949494 0.7961956521739131 0.14646464646464646 0.266304347826087
0 0.07449494949494949 0.8070652173913043 0.14393939393939395 0.266304347826087
0 0.07828282828282829 0.23097826086956522 0.14646464646464646 0.266304347826087