0 0.16363636363636364 0.10754716981132076 0.2545454545454545 0.17735849056603772
0 0.5121212121212121 0.11320754716981132 0.296969696969697 0.2188679245283019
0 0.48787878787878786 0.32075471698113206 0.296969696969697 0.2188679245283019
0 0.8151515151515152 0.11132075471698114 0.296969696969697 0.21509433962264152
0 0.7909090909090909 0.3169811320754717 0.296969696969697 0.2188679245283019
0 0.8333333333333334 0.5094339622641509 0.296969696969697 0.2188679245283019
0 0.8484848484848485 0.7320754716981132 0.30303030303030304 0.2188679245283019
0 0.8484848484848485 0.8905660377358491 0.30303030303030304 0.2188679245283019
0 0.5484848484848485 0.8905660377358491 0.296969696969697 0.2188679245283019
0 0.5424242424242425 0.7018867924528301 0.296969696969697 0.2188679245283019
0 0.5121212121212121 0.5207547169811321 0.296969696969697 0.2188679245283019
0 0.2 0.8905660377358491 0.30303030303030304 0.2188679245283019
0 0.19393939393939394 0.7245283018867924 0.30303030303030304 0.2188679245283019
0 0.2 0.5169811320754717 0.30303030303030304 0.2188679245283019
0 0.15151515151515152 0.30377358490566037 0.2909090909090909 0.22264150943396227