1 0.7440758293838863 0.15780730897009967 0.16587677725118483 0.18272425249169436
1 0.8246445497630331 0.3239202657807309 0.16587677725118483 0.18272425249169436
1 0.8981042654028436 0.48006644518272423 0.16587677725118483 0.18272425249169436
1 0.7440758293838863 0.632890365448505 0.16587677725118483 0.18272425249169436
1 0.6777251184834123 0.44019933554817275 0.16587677725118483 0.18272425249169436
1 0.6042654028436019 0.26744186046511625 0.16587677725118483 0.18272425249169436
1 0.45260663507109006 0.34717607973421927 0.16587677725118483 0.18272425249169436
1 0.5284360189573459 0.5332225913621262 0.16587677725118483 0.18272425249169436
1 0.5971563981042654 0.7059800664451827 0.16587677725118483 0.18272425249169436
1 0.4218009478672986 0.8355481727574751 0.16587677725118483 0.18272425249169436
1 0.3767772511848341 0.6362126245847176 0.16587677725118483 0.18272425249169436
1 0.33649289099526064 0.4069767441860465 0.16587677725118483 0.18272425249169436
1 0.2796208530805687 0.9086378737541528 0.16587677725118483 0.18272425249169436
1 0.23696682464454977 0.6777408637873754 0.16587677725118483 0.18604651162790697
0 0.1872037914691943 0.48172757475083056 0.13744075829383887 0.17275747508305647