1 0.7776243093922652 0.046242774566473986 0.08011049723756906 0.08670520231213873
1 0.8218232044198895 0.24855491329479767 0.20718232044198895 0.1907514450867052
1 0.48342541436464087 0.4985549132947977 0.19337016574585636 0.22832369942196531
1 0.4599447513812155 0.08526011560693642 0.16298342541436464 0.1531791907514451
1 0.638121546961326 0.2702312138728324 0.17679558011049723 0.1994219653179191
1 0.6160220994475138 0.10115606936416185 0.17679558011049723 0.19653179190751446
1 0.47790055248618785 0.2904624277456647 0.17679558011049723 0.1994219653179191
1 0.6574585635359116 0.4841040462427746 0.17679558011049723 0.1994219653179191
1 0.8314917127071824 0.4638728323699422 0.17679558011049723 0.1994219653179191
1 0.8646408839779005 0.6748554913294798 0.17679558011049723 0.1994219653179191
1 0.8839779005524862 0.9002890173410405 0.17679558011049723 0.1994219653179191
1 0.7071823204419889 0.9002890173410405 0.17679558011049723 0.1994219653179191
1 0.6767955801104972 0.703757225433526 0.17679558011049723 0.1994219653179191
1 0.5082872928176796 0.6979768786127167 0.17679558011049723 0.1994219653179191
1 0.5303867403314917 0.9002890173410405 0.17679558011049723 0.1994219653179191
1 0.35359116022099446 0.9002890173410405 0.17679558011049723 0.1994219653179191
1 0.34806629834254144 0.726878612716763 0.17679558011049723 0.1994219653179191
1 0.292817679558011 0.5158959537572254 0.17679558011049723 0.1994219653179191
1 0.3011049723756906 0.32803468208092484 0.17679558011049723 0.1994219653179191
1 0.26519337016574585 0.10115606936416185 0.17679558011049723 0.19653179190751446
1 0.08977900552486189 0.10260115606936417 0.17403314917127072 0.1994219653179191
1 0.10220994475138122 0.31647398843930635 0.17679558011049723 0.1994219653179191
1 0.12154696132596685 0.5274566473988439 0.17679558011049723 0.1994219653179191
1 0.13812154696132597 0.773121387283237 0.17679558011049723 0.1994219653179191
1 0.15607734806629833 0.9378612716763006 0.1685082872928177 0.12427745664739884