0 0.19631901840490798 0.11458333333333333 0.15950920245398773 0.18333333333333332
0 0.18711656441717792 0.334375 0.11042944785276074 0.16041666666666668
0 0.16104294478527606 0.565625 0.18711656441717792 0.17708333333333334
0 0.1334355828220859 0.825 0.19938650306748465 0.2125
0 0.3205521472392638 0.834375 0.18711656441717792 0.16875
0 0.4892638036809816 0.8458333333333333 0.15644171779141106 0.20833333333333334
0 0.6503067484662577 0.825 0.17791411042944785 0.1875
0 0.8328220858895705 0.8208333333333333 0.2116564417177914 0.22916666666666666
0 0.8251533742331288 0.565625 0.15950920245398773 0.21458333333333332
0 0.6441717791411042 0.5697916666666667 0.1901840490797546 0.21875
0 0.5030674846625767 0.5645833333333333 0.1656441717791411 0.21666666666666667
0 0.3389570552147239 0.5822916666666667 0.18098159509202455 0.18125
0 0.34355828220858897 0.10208333333333333 0.147239263803681 0.18333333333333332
0 0.34355828220858897 0.3302083333333333 0.17177914110429449 0.16875
0 0.495398773006135 0.33125 0.11349693251533742 0.15833333333333333
0 0.656441717791411 0.34375 0.15337423312883436 0.175
0 0.803680981595092 0.346875 0.2085889570552147 0.18958333333333333
0 0.8006134969325154 0.11458333333333333 0.15950920245398773 0.20416666666666666
0 0.6579754601226994 0.121875 0.15644171779141106 0.17708333333333334
0 0.49233128834355827 0.13020833333333334 0.18098159509202455 0.18541666666666667