0 0.23504273504273504 0.625 0.14957264957264957 0.19811320754716982
0 0.2094017094017094 0.8844339622641509 0.13247863247863248 0.23113207547169812
0 0.4284188034188034 0.6768867924528302 0.19017094017094016 0.2358490566037736
0 0.6228632478632479 0.6674528301886793 0.17307692307692307 0.1792452830188679
0 0.4091880341880342 0.8738207547169812 0.22008547008547008 0.2240566037735849
0 0.5972222222222222 0.8903301886792453 0.15598290598290598 0.21933962264150944
0 0.04700854700854701 0.8903301886792453 0.05982905982905983 0.21933962264150944
0 0.07478632478632478 0.5801886792452831 0.11538461538461539 0.22169811320754718
1 0.09081196581196581 0.11556603773584906 0.16025641025641027 0.19811320754716982
1 0.30448717948717946 0.12735849056603774 0.20726495726495728 0.19811320754716982
1 0.9027777777777778 0.1875 0.19444444444444445 0.21462264150943397
1 0.8910256410256411 0.49410377358490565 0.19230769230769232 0.27122641509433965
1 0.8482905982905983 0.6969339622641509 0.14957264957264957 0.2099056603773585
1 0.8173076923076923 0.9033018867924528 0.1858974358974359 0.19339622641509435
1 0.6901709401709402 0.4233490566037736 0.21794871794871795 0.22877358490566038
1 0.6997863247863247 0.18632075471698112 0.1987179487179487 0.27358490566037735
1 0.5224358974358975 0.4033018867924528 0.20726495726495728 0.29245283018867924
1 0.26175213675213677 0.3714622641509434 0.20726495726495728 0.2429245283018868