0 0.17563291139240506 0.1378299120234604 0.30063291139240506 0.24633431085043989
0 0.5110759493670886 0.13636363636363635 0.28164556962025317 0.22580645161290322
0 0.8481012658227848 0.13636363636363635 0.26582278481012656 0.21407624633431085
0 0.8528481012658228 0.3812316715542522 0.2310126582278481 0.2287390029325513
0 0.8496835443037974 0.6451612903225806 0.23734177215189872 0.20527859237536658
0 0.8560126582278481 0.907624633431085 0.20569620253164558 0.18475073313782991
0 0.5189873417721519 0.3973607038123167 0.26582278481012656 0.2316715542521994
0 0.5158227848101266 0.6378299120234604 0.3291139240506329 0.24926686217008798
0 0.5015822784810127 0.8870967741935484 0.2310126582278481 0.22580645161290322
0 0.125 0.3812316715542522 0.24367088607594936 0.2287390029325513
0 0.17563291139240506 0.6348973607038123 0.30063291139240506 0.2668621700879765
0 0.16772151898734178 0.8724340175953079 0.26582278481012656 0.2316715542521994