1 0.24316939890710382 0.6059190031152648 0.47540983606557374 0.10903426791277258
1 0.24316939890710382 0.7492211838006231 0.47540983606557374 0.10903426791277258
1 0.24316939890710382 0.9112149532710281 0.47540983606557374 0.10903426791277258
1 0.7595628415300546 0.9236760124610592 0.4808743169398907 0.10903426791277258
1 0.7595628415300546 0.7554517133956387 0.4808743169398907 0.10903426791277258
0 0.76775956284153 0.5934579439252337 0.4207650273224044 0.102803738317757
0 0.7896174863387978 0.4252336448598131 0.4207650273224044 0.102803738317757
0 0.7896174863387978 0.2601246105919003 0.4207650273224044 0.102803738317757
0 0.7896174863387978 0.1043613707165109 0.4207650273224044 0.102803738317757
0 0.21311475409836064 0.08255451713395638 0.41530054644808745 0.102803738317757
0 0.20765027322404372 0.2585669781931464 0.40437158469945356 0.12461059190031153
0 0.20765027322404372 0.4143302180685358 0.40437158469945356 0.12461059190031153