0 0.8514018691588785 0.5121457489878543 0.16261682242990655 0.17408906882591094
0 0.7728971962616823 0.6761133603238867 0.16261682242990655 0.17408906882591094
0 0.6962616822429907 0.8137651821862348 0.16261682242990655 0.17408906882591094
0 0.5654205607476636 0.7246963562753036 0.16261682242990655 0.17408906882591094
0 0.6420560747663552 0.5931174089068826 0.16261682242990655 0.17408906882591094
0 0.7168224299065421 0.4311740890688259 0.16261682242990655 0.17408906882591094
0 0.591588785046729 0.3319838056680162 0.16261682242990655 0.17408906882591094
0 0.5074766355140187 0.46963562753036436 0.16261682242990655 0.17408906882591094
0 0.40654205607476634 0.6255060728744939 0.16261682242990655 0.17408906882591094
1 0.2850467289719626 0.5475708502024291 0.13644859813084112 0.1720647773279352
1 0.1485981308411215 0.4625506072874494 0.13644859813084112 0.1720647773279352
1 0.23271028037383176 0.31275303643724695 0.13644859813084112 0.1720647773279352
1 0.3542056074766355 0.4200404858299595 0.13644859813084112 0.1720647773279352
1 0.4457943925233645 0.23582995951417005 0.13644859813084112 0.1720647773279352
1 0.3149532710280374 0.16700404858299595 0.13644859813084112 0.1720647773279352