1 0.23743016759776536 0.11059190031152648 0.41899441340782123 0.14641744548286603
1 0.2122905027932961 0.24143302180685358 0.4134078212290503 0.14641744548286603
1 0.2206703910614525 0.4127725856697819 0.41899441340782123 0.14641744548286603
1 0.2122905027932961 0.5654205607476636 0.4134078212290503 0.14641744548286603
1 0.2122905027932961 0.7429906542056075 0.4134078212290503 0.14641744548286603
1 0.2122905027932961 0.8956386292834891 0.4134078212290503 0.14641744548286603
1 0.7877094972067039 0.926791277258567 0.4245810055865922 0.14641744548286603
1 0.7877094972067039 0.7476635514018691 0.4245810055865922 0.14953271028037382
1 0.7877094972067039 0.5856697819314641 0.4245810055865922 0.14953271028037382
1 0.7877094972067039 0.42990654205607476 0.4245810055865922 0.14953271028037382
1 0.7877094972067039 0.2616822429906542 0.4245810055865922 0.14953271028037382
1 0.7877094972067039 0.08099688473520249 0.4245810055865922 0.14953271028037382