0 0.15693430656934307 0.25396825396825395 0.15328467153284672 0.3333333333333333
0 0.3102189781021898 0.2222222222222222 0.15328467153284672 0.3333333333333333
0 0.4781021897810219 0.23015873015873015 0.15328467153284672 0.3333333333333333
0 0.6240875912408759 0.23015873015873015 0.15328467153284672 0.3333333333333333
0 0.7846715328467153 0.23809523809523808 0.15328467153284672 0.3333333333333333
0 0.7992700729927007 0.5992063492063492 0.1678832116788321 0.35714285714285715
0 0.7846715328467153 0.8492063492063492 0.15328467153284672 0.2857142857142857
0 0.6240875912408759 0.8531746031746031 0.15328467153284672 0.29365079365079366
0 0.4562043795620438 0.8531746031746031 0.15328467153284672 0.29365079365079366
0 0.3102189781021898 0.8531746031746031 0.15328467153284672 0.29365079365079366
0 0.12773722627737227 0.8531746031746031 0.15328467153284672 0.29365079365079366
0 0.13503649635036497 0.5436507936507936 0.15328467153284672 0.29365079365079366
0 0.28102189781021897 0.5595238095238095 0.15328467153284672 0.29365079365079366
0 0.4562043795620438 0.5595238095238095 0.15328467153284672 0.29365079365079366
0 0.6459854014598541 0.5515873015873016 0.15328467153284672 0.29365079365079366