0 0.2087378640776699 0.1322314049586777 0.2621359223300971 0.19834710743801653
0 0.48058252427184467 0.1322314049586777 0.2621359223300971 0.19834710743801653
0 0.7815533980582524 0.1487603305785124 0.2621359223300971 0.19834710743801653
0 0.8300970873786407 0.29338842975206614 0.33980582524271846 0.19008264462809918
0 0.8106796116504854 0.41735537190082644 0.33980582524271846 0.19008264462809918
0 0.8203883495145631 0.7644628099173554 0.33980582524271846 0.19008264462809918
0 0.8106796116504854 0.5826446280991735 0.33980582524271846 0.19008264462809918
0 0.49029126213592233 0.7520661157024794 0.2815533980582524 0.18181818181818182
0 0.49029126213592233 0.5867768595041323 0.2815533980582524 0.18181818181818182
0 0.49029126213592233 0.4462809917355372 0.2815533980582524 0.18181818181818182
0 0.1796116504854369 0.7479338842975206 0.33980582524271846 0.19008264462809918
0 0.1796116504854369 0.6157024793388429 0.33980582524271846 0.19008264462809918
0 0.16990291262135923 0.4669421487603306 0.32038834951456313 0.19008264462809918
0 0.1941747572815534 0.30165289256198347 0.3300970873786408 0.19008264462809918