0 0.6791237113402062 0.22033898305084745 0.09020618556701031 0.2033898305084746
0 0.7615979381443299 0.1864406779661017 0.09020618556701031 0.2033898305084746
0 0.759020618556701 0.3954802259887006 0.09020618556701031 0.2033898305084746
0 0.6739690721649485 0.4067796610169492 0.09020618556701031 0.2033898305084746
0 0.6739690721649485 0.5706214689265536 0.09020618556701031 0.2033898305084746
0 0.759020618556701 0.5932203389830508 0.09020618556701031 0.2033898305084746
0 0.7615979381443299 0.7853107344632768 0.09020618556701031 0.2033898305084746
0 0.7615979381443299 0.8983050847457628 0.09020618556701031 0.2033898305084746
0 0.6649484536082474 0.9180790960451978 0.08247422680412371 0.1638418079096045
0 0.6649484536082474 0.7655367231638418 0.08247422680412371 0.1638418079096045
0 0.8646907216494846 0.22033898305084745 0.09020618556701031 0.2033898305084746
0 0.8621134020618557 0.3898305084745763 0.09020618556701031 0.2033898305084746
0 0.8569587628865979 0.5875706214689266 0.09020618556701031 0.2033898305084746
0 0.854381443298969 0.768361581920904 0.09020618556701031 0.2033898305084746
0 0.8582474226804123 0.9322033898305084 0.08247422680412371 0.13559322033898305
0 0.9329896907216495 0.9322033898305084 0.08247422680412371 0.13559322033898305
0 0.9407216494845361 0.7909604519774012 0.08247422680412371 0.13559322033898305
0 0.9368556701030928 0.5903954802259888 0.09020618556701031 0.1638418079096045
0 0.9445876288659794 0.4152542372881356 0.09020618556701031 0.1638418079096045
0 0.9394329896907216 0.2175141242937853 0.09020618556701031 0.1638418079096045
0 0.5760309278350515 0.1751412429378531 0.09020618556701031 0.2033898305084746
0 0.5734536082474226 0.3898305084745763 0.09020618556701031 0.2033898305084746
0 0.5760309278350515 0.5819209039548022 0.09020618556701031 0.2033898305084746
0 0.5708762886597938 0.7570621468926554 0.09020618556701031 0.2033898305084746
0 0.5760309278350515 0.8983050847457628 0.09020618556701031 0.2033898305084746
0 0.48582474226804123 0.8983050847457628 0.09020618556701031 0.2033898305084746
0 0.4832474226804124 0.7740112994350282 0.09020618556701031 0.2033898305084746
0 0.4884020618556701 0.5875706214689266 0.09020618556701031 0.2033898305084746
0 0.4832474226804124 0.3898305084745763 0.09020618556701031 0.2033898305084746
0 0.4832474226804124 0.20903954802259886 0.09020618556701031 0.2033898305084746
0 0.375 0.1864406779661017 0.09020618556701031 0.2033898305084746
0 0.37242268041237114 0.4067796610169492 0.09020618556701031 0.2033898305084746
0 0.37757731958762886 0.559322033898305 0.09020618556701031 0.2033898305084746
0 0.3801546391752577 0.7570621468926554 0.09020618556701031 0.2033898305084746
0 0.37757731958762886 0.8983050847457628 0.09020618556701031 0.2033898305084746
0 0.28994845360824745 0.8983050847457628 0.09020618556701031 0.2033898305084746
0 0.28737113402061853 0.7457627118644068 0.09020618556701031 0.2033898305084746
0 0.28737113402061853 0.5649717514124294 0.09020618556701031 0.2033898305084746
0 0.2822164948453608 0.384180790960452 0.09020618556701031 0.2033898305084746
0 0.2822164948453608 0.1638418079096045 0.09020618556701031 0.2033898305084746
0 0.18170103092783504 0.14689265536723164 0.09020618556701031 0.2033898305084746
0 0.17396907216494845 0.3785310734463277 0.09020618556701031 0.2033898305084746
0 0.18170103092783504 0.5536723163841808 0.09020618556701031 0.2033898305084746
0 0.17654639175257733 0.7231638418079096 0.09020618556701031 0.2033898305084746
0 0.1791237113402062 0.8983050847457628 0.09020618556701031 0.2033898305084746
0 0.08891752577319588 0.8983050847457628 0.09020618556701031 0.2033898305084746
0 0.08376288659793814 0.768361581920904 0.09020618556701031 0.2033898305084746
0 0.08634020618556701 0.5649717514124294 0.09020618556701031 0.2033898305084746
0 0.07860824742268041 0.3672316384180791 0.09020618556701031 0.2033898305084746
0 0.08505154639175258 0.15254237288135594 0.1134020618556701 0.2033898305084746