0 0.20052083333333334 0.13527397260273974 0.296875 0.1815068493150685
0 0.1796875 0.3167808219178082 0.296875 0.1815068493150685
0 0.5078125 0.13527397260273974 0.296875 0.1815068493150685
0 0.4713541666666667 0.3270547945205479 0.296875 0.1815068493150685
0 0.7682291666666666 0.3133561643835616 0.296875 0.1815068493150685
0 0.7786458333333334 0.11815068493150685 0.296875 0.1815068493150685
0 0.7994791666666666 0.5188356164383562 0.296875 0.1815068493150685
0 0.5130208333333334 0.5154109589041096 0.296875 0.1815068493150685
0 0.18489583333333334 0.5051369863013698 0.296875 0.1815068493150685
0 0.17447916666666666 0.696917808219178 0.296875 0.1815068493150685
0 0.4817708333333333 0.696917808219178 0.296875 0.1815068493150685
0 0.7942708333333334 0.7071917808219178 0.296875 0.1815068493150685
0 0.7994791666666666 0.8886986301369864 0.296875 0.1815068493150685
0 0.4765625 0.8613013698630136 0.296875 0.1815068493150685
0 0.20052083333333334 0.8715753424657534 0.296875 0.1815068493150685